0 0 0 0 0 0 0 0 0 0 0 0 0 0 0 0 0 0 0 0 0 0 0 0 0 0 0 0 
0 0 0 0 0 0 0 0 0 0 0 0 0 0 0 0 0 0 0 0 0 0 0 0 0 0 0 0 
0 0 0 0 0 0 0 0 0 0 0 0 0 0 0 0 0 0 0 0 0 0 0 0 0 0 0 0 
0 0 0 0 0 0 0 0 0 0 2 20 42 33 40 31 0 0 0 0 0 0 0 0 0 0 0 0 
0 0 0 0 0 0 0 0 15 240 255 255 255 255 255 255 130 0 0 0 0 0 0 0 0 0 0 0 
0 0 0 0 0 0 0 33 255 255 255 255 255 255 255 255 255 102 0 0 0 0 0 0 0 0 0 0 
0 0 0 0 0 0 0 255 255 255 255 255 255 255 255 255 255 255 60 0 0 0 0 0 0 0 0 0 
0 0 0 0 0 0 21 255 255 255 92 0 0 0 30 255 255 255 255 0 0 0 0 0 0 0 0 0 
0 0 0 0 0 0 55 255 255 255 0 0 0 0 0 23 255 255 255 23 0 0 0 0 0 0 0 0 
0 0 0 0 0 0 51 255 255 255 0 0 0 0 0 0 255 255 255 37 0 0 0 0 0 0 0 0 
0 0 0 0 0 0 15 255 255 255 67 0 0 0 0 0 255 255 255 14 0 0 0 0 0 0 0 0 
0 0 0 0 0 0 0 255 255 255 255 5 0 0 0 87 255 255 255 0 0 0 0 0 0 0 0 0 
0 0 0 0 0 0 0 22 255 255 255 255 52 0 5 255 255 255 217 0 0 0 0 0 0 0 0 0 
0 0 0 0 0 0 0 0 93 255 255 255 255 255 255 255 255 255 32 0 0 0 0 0 0 0 0 0 
0 0 0 0 0 0 0 0 0 121 255 255 255 255 255 255 255 113 0 0 0 0 0 0 0 0 0 0 
0 0 0 0 0 0 0 0 23 242 255 255 255 255 255 255 255 255 144 0 0 0 0 0 0 0 0 0 
0 0 0 0 0 0 0 157 255 255 255 255 255 255 255 255 255 255 255 255 0 0 0 0 0 0 0 0 
0 0 0 0 0 0 218 255 255 255 255 255 136 16 0 106 255 255 255 255 255 0 0 0 0 0 0 0 
0 0 0 0 0 60 255 255 255 255 80 0 0 0 0 0 0 222 255 255 255 118 0 0 0 0 0 0 
0 0 0 0 0 179 255 255 255 0 0 0 0 0 0 0 0 0 243 255 255 255 0 0 0 0 0 0 
0 0 0 0 0 203 255 255 183 0 0 0 0 0 0 0 0 0 64 255 255 255 0 0 0 0 0 0 
0 0 0 0 0 118 255 255 255 0 0 0 0 0 0 0 0 58 255 255 255 220 0 0 0 0 0 0 
0 0 0 0 0 31 255 255 255 255 240 121 99 100 119 196 255 255 255 255 255 41 0 0 0 0 0 0 
0 0 0 0 0 0 236 255 255 255 255 255 255 255 255 255 255 255 255 255 109 0 0 0 0 0 0 0 
0 0 0 0 0 0 0 163 255 255 255 255 255 255 255 255 255 255 255 28 0 0 0 0 0 0 0 0 
0 0 0 0 0 0 0 0 0 69 180 255 255 255 255 215 102 6 0 0 0 0 0 0 0 0 0 0 
0 0 0 0 0 0 0 0 0 0 0 0 0 0 0 0 0 0 0 0 0 0 0 0 0 0 0 0 
0 0 0 0 0 0 0 0 0 0 0 0 0 0 0 0 0 0 0 0 0 0 0 0 0 0 0 0 
