0 0 0 0 0 0 0 0 0 0 0 0 0 0 0 0 0 0 0 0 0 0 0 0 0 0 0 0 
0 0 0 0 0 0 0 0 0 0 0 0 0 0 0 0 0 0 0 0 0 0 0 0 0 0 0 0 
0 0 0 0 0 0 0 0 0 0 0 0 0 0 0 0 0 0 6 70 31 0 0 0 0 0 0 0 
0 0 0 0 0 0 0 0 0 0 0 0 0 4 49 132 230 255 255 255 255 21 0 0 0 0 0 0 
0 0 0 0 0 0 0 3 48 144 245 255 255 255 255 255 255 255 255 255 255 21 0 0 0 0 0 0 
0 0 0 0 0 0 92 255 255 255 255 255 255 255 255 255 255 255 255 255 74 0 0 0 0 0 0 0 
0 0 0 0 0 0 255 255 255 255 255 255 255 255 255 255 167 61 5 0 0 0 0 0 0 0 0 0 
0 0 0 0 0 0 255 255 255 255 195 96 33 3 0 0 0 0 0 0 0 0 0 0 0 0 0 0 
0 0 0 0 0 0 255 255 255 7 0 0 0 0 0 0 0 0 0 0 0 0 0 0 0 0 0 0 
0 0 0 0 0 0 255 255 255 3 0 0 0 0 0 0 0 0 0 0 0 0 0 0 0 0 0 0 
0 0 0 0 0 17 255 255 255 0 0 0 0 0 0 0 0 0 0 0 0 0 0 0 0 0 0 0 
0 0 0 0 0 57 255 255 255 255 255 255 255 255 255 184 69 0 0 0 0 0 0 0 0 0 0 0 
0 0 0 0 0 111 255 255 255 255 255 255 255 255 255 255 255 255 121 0 0 0 0 0 0 0 0 0 
0 0 0 0 0 116 255 255 255 255 255 255 255 255 255 255 255 255 255 255 41 0 0 0 0 0 0 0 
0 0 0 0 0 15 255 255 183 52 29 30 24 36 80 255 255 255 255 255 255 44 0 0 0 0 0 0 
0 0 0 0 0 0 2 3 0 0 0 0 0 0 0 0 0 202 255 255 255 255 0 0 0 0 0 0 
0 0 0 0 0 0 0 0 0 0 0 0 0 0 0 0 0 0 46 255 255 255 40 0 0 0 0 0 
0 0 0 0 0 0 0 0 0 0 0 0 0 0 0 0 0 0 0 255 255 255 58 0 0 0 0 0 
0 0 0 0 0 0 0 0 0 0 0 0 0 0 0 0 0 0 105 255 255 255 13 0 0 0 0 0 
0 0 0 0 0 0 0 0 0 0 0 0 0 0 0 0 0 169 255 255 255 199 0 0 0 0 0 0 
0 0 0 0 0 0 0 44 159 104 1 0 0 33 121 246 255 255 255 255 255 3 0 0 0 0 0 0 
0 0 0 0 0 0 12 255 255 255 255 255 255 255 255 255 255 255 255 255 28 0 0 0 0 0 0 0 
0 0 0 0 0 0 7 255 255 255 255 255 255 255 255 255 255 255 137 0 0 0 0 0 0 0 0 0 
0 0 0 0 0 0 0 17 191 255 255 255 255 255 255 170 39 0 0 0 0 0 0 0 0 0 0 0 
0 0 0 0 0 0 0 0 0 0 9 13 0 0 0 0 0 0 0 0 0 0 0 0 0 0 0 0 
0 0 0 0 0 0 0 0 0 0 0 0 0 0 0 0 0 0 0 0 0 0 0 0 0 0 0 0 
0 0 0 0 0 0 0 0 0 0 0 0 0 0 0 0 0 0 0 0 0 0 0 0 0 0 0 0 
0 0 0 0 0 0 0 0 0 0 0 0 0 0 0 0 0 0 0 0 0 0 0 0 0 0 0 0 
