0 0 0 0 0 0 0 0 0 0 0 0 0 0 0 0 0 0 0 0 0 0 0 0 0 0 0 0 
0 0 0 0 0 0 0 0 0 0 0 0 0 0 5 0 0 0 0 0 0 0 0 0 0 0 0 0 
0 0 0 0 0 0 0 0 0 0 0 0 0 186 255 71 0 0 0 0 0 0 0 0 0 0 0 0 
0 0 0 0 0 0 0 0 0 0 0 0 253 255 255 197 0 0 0 0 0 0 0 0 0 0 0 0 
0 0 0 0 0 0 0 0 0 0 0 167 255 255 255 105 0 0 0 0 0 0 0 0 0 0 0 0 
0 0 0 0 0 0 0 0 0 0 83 255 255 255 205 0 0 0 0 0 0 0 0 0 0 0 0 0 
0 0 0 0 0 0 0 0 0 11 255 255 255 255 0 0 0 0 0 0 0 0 0 0 0 0 0 0 
0 0 0 0 0 0 0 0 0 255 255 255 255 16 0 0 0 0 0 0 0 0 0 0 0 0 0 0 
0 0 0 0 0 0 0 0 143 255 255 255 65 0 0 0 0 0 0 0 0 0 0 0 0 0 0 0 
0 0 0 0 0 0 0 26 255 255 255 214 0 0 0 0 37 25 0 0 0 0 0 0 0 0 0 0 
0 0 0 0 0 0 0 255 255 255 255 2 0 0 0 116 255 255 18 0 0 0 0 0 0 0 0 0 
0 0 0 0 0 0 109 255 255 255 57 0 0 0 0 255 255 255 37 0 0 0 0 0 0 0 0 0 
0 0 0 0 0 20 255 255 255 232 0 0 0 0 0 255 255 255 5 0 0 0 0 0 0 0 0 0 
0 0 0 0 0 255 255 255 255 1 0 0 0 0 2 255 255 255 0 0 0 0 0 0 0 0 0 0 
0 0 0 0 93 255 255 255 235 201 130 124 117 89 109 255 255 255 10 1 0 0 0 0 0 0 0 0 
0 0 0 0 189 255 255 255 255 255 255 255 255 255 255 255 255 255 255 255 255 152 1 0 0 0 0 0 
0 0 0 0 70 255 255 255 255 255 255 255 255 255 255 255 255 255 255 255 255 255 41 0 0 0 0 0 
0 0 0 0 0 23 80 76 171 245 178 255 255 255 255 255 255 255 255 255 255 239 12 0 0 0 0 0 
0 0 0 0 0 0 0 0 0 0 0 0 0 0 255 255 255 121 0 0 20 5 0 0 0 0 0 0 
0 0 0 0 0 0 0 0 0 0 0 0 0 0 255 255 255 62 0 0 0 0 0 0 0 0 0 0 
0 0 0 0 0 0 0 0 0 0 0 0 0 0 255 255 255 20 0 0 0 0 0 0 0 0 0 0 
0 0 0 0 0 0 0 0 0 0 0 0 0 0 255 255 255 2 0 0 0 0 0 0 0 0 0 0 
0 0 0 0 0 0 0 0 0 0 0 0 0 7 255 255 255 0 0 0 0 0 0 0 0 0 0 0 
0 0 0 0 0 0 0 0 0 0 0 0 0 25 255 255 255 0 0 0 0 0 0 0 0 0 0 0 
0 0 0 0 0 0 0 0 0 0 0 0 0 0 128 216 61 0 0 0 0 0 0 0 0 0 0 0 
0 0 0 0 0 0 0 0 0 0 0 0 0 0 0 5 0 0 0 0 0 0 0 0 0 0 0 0 
0 0 0 0 0 0 0 0 0 0 0 0 0 0 0 0 0 0 0 0 0 0 0 0 0 0 0 0 
0 0 0 0 0 0 0 0 0 0 0 0 0 0 0 0 0 0 0 0 0 0 0 0 0 0 0 0 
