0 0 0 0 0 0 0 0 0 0 0 0 0 0 0 0 0 0 0 0 0 0 0 0 0 0 0 0 
0 0 0 0 0 0 0 0 0 0 0 0 0 0 0 0 0 0 0 0 0 0 0 0 0 0 0 0 
0 0 0 0 0 0 0 0 0 1 0 0 0 0 0 0 0 0 0 0 0 0 0 0 0 0 0 0 
0 0 0 0 0 0 59 255 255 255 255 255 255 255 255 162 80 2 0 0 0 0 0 0 0 0 0 0 
0 0 0 0 0 115 255 255 255 255 255 255 255 255 255 255 255 255 133 1 0 0 0 0 0 0 0 0 
0 0 0 0 34 255 255 255 255 255 255 255 255 255 255 255 255 255 255 255 91 0 0 0 0 0 0 0 
0 0 0 0 238 255 255 255 49 0 0 4 23 70 116 216 255 255 255 255 255 0 0 0 0 0 0 0 
0 0 0 0 255 255 255 64 0 0 0 0 0 0 0 0 0 255 255 255 255 0 0 0 0 0 0 0 
0 0 0 0 255 255 255 3 0 0 0 0 0 0 0 0 0 255 255 255 255 0 0 0 0 0 0 0 
0 0 0 2 255 255 255 0 0 0 0 0 0 0 0 0 120 255 255 255 253 0 0 0 0 0 0 0 
0 0 0 0 255 255 255 73 0 0 0 0 0 0 0 26 255 255 255 255 131 0 0 0 0 0 0 0 
0 0 0 0 226 255 255 255 0 0 0 0 0 0 0 255 255 255 255 255 74 0 0 0 0 0 0 0 
0 0 0 0 33 255 255 255 255 122 12 0 0 0 165 255 255 255 255 255 31 0 0 0 0 0 0 0 
0 0 0 0 0 135 255 255 255 255 255 255 255 255 255 255 255 255 255 255 3 0 0 0 0 0 0 0 
0 0 0 0 0 0 123 255 255 255 255 255 255 255 255 255 255 255 255 255 0 0 0 0 0 0 0 0 
0 0 0 0 0 0 0 13 153 255 255 255 255 255 255 255 54 255 255 255 0 0 0 0 0 0 0 0 
0 0 0 0 0 0 0 0 0 0 12 71 146 130 44 0 147 255 255 251 0 0 0 0 0 0 0 0 
0 0 0 0 0 0 0 0 0 0 0 0 0 0 0 0 246 255 255 174 0 0 0 0 0 0 0 0 
0 0 0 0 0 0 0 0 0 0 0 0 0 0 0 0 255 255 255 122 0 0 0 0 0 0 0 0 
0 0 0 0 0 0 0 0 0 0 0 0 0 0 0 0 255 255 255 112 0 0 0 0 0 0 0 0 
0 0 0 0 0 0 0 0 0 0 0 0 0 0 0 0 244 255 255 124 0 0 0 0 0 0 0 0 
0 0 0 0 0 0 0 0 0 0 0 0 0 0 0 0 223 255 255 159 0 0 0 0 0 0 0 0 
0 0 0 0 0 0 0 0 0 0 0 0 0 0 0 0 225 255 255 169 0 0 0 0 0 0 0 0 
0 0 0 0 0 0 0 0 0 0 0 0 0 0 0 0 255 255 255 135 0 0 0 0 0 0 0 0 
0 0 0 0 0 0 0 0 0 0 0 0 0 0 0 0 255 255 255 70 0 0 0 0 0 0 0 0 
0 0 0 0 0 0 0 0 0 0 0 0 0 0 0 0 187 255 255 12 0 0 0 0 0 0 0 0 
0 0 0 0 0 0 0 0 0 0 0 0 0 0 0 0 20 96 47 0 0 0 0 0 0 0 0 0 
0 0 0 0 0 0 0 0 0 0 0 0 0 0 0 0 0 0 0 0 0 0 0 0 0 0 0 0 
