0 0 0 0 0 0 0 0 0 0 0 0 0 0 0 0 0 0 0 0 0 0 0 0 0 0 0 0 
0 0 0 0 0 0 0 0 0 0 0 0 0 0 0 0 0 0 0 0 0 0 0 0 0 0 0 0 
0 0 0 0 0 0 0 0 0 0 0 0 0 0 0 0 0 0 0 0 0 0 0 0 0 0 0 0 
0 0 0 0 0 0 0 0 0 0 0 0 0 0 0 0 0 31 17 0 0 0 0 0 0 0 0 0 
0 0 0 0 0 0 0 0 0 0 0 0 0 0 0 82 255 255 244 20 0 0 0 0 0 0 0 0 
0 0 0 0 0 0 0 0 0 0 0 0 0 102 255 255 255 255 255 35 0 0 0 0 0 0 0 0 
0 0 0 0 0 0 0 0 0 0 0 61 255 255 255 255 255 255 139 0 0 0 0 0 0 0 0 0 
0 0 0 0 0 0 0 0 0 0 211 255 255 255 255 255 190 18 0 0 0 0 0 0 0 0 0 0 
0 0 0 0 0 0 0 0 30 255 255 255 255 255 214 18 0 0 0 0 0 0 0 0 0 0 0 0 
0 0 0 0 0 0 0 0 255 255 255 255 255 20 0 0 0 0 0 0 0 0 0 0 0 0 0 0 
0 0 0 0 0 0 0 174 255 255 255 149 0 0 0 0 0 0 0 0 0 0 0 0 0 0 0 0 
0 0 0 0 0 0 14 255 255 255 139 0 0 0 0 0 0 0 0 0 0 0 0 0 0 0 0 0 
0 0 0 0 0 0 214 255 255 255 200 195 129 110 26 3 0 0 0 0 0 0 0 0 0 0 0 0 
0 0 0 0 0 14 255 255 255 255 255 255 255 255 255 255 255 192 71 0 0 0 0 0 0 0 0 0 
0 0 0 0 0 147 255 255 255 255 255 255 255 255 255 255 255 255 255 182 0 0 0 0 0 0 0 0 
0 0 0 0 0 255 255 255 172 86 255 255 255 255 255 255 255 255 255 255 19 0 0 0 0 0 0 0 
0 0 0 0 0 255 255 255 44 0 0 0 0 0 0 0 38 255 255 255 73 0 0 0 0 0 0 0 
0 0 0 0 0 255 255 255 10 0 0 0 0 0 0 0 0 255 255 255 56 0 0 0 0 0 0 0 
0 0 0 0 0 255 255 255 3 0 0 0 0 0 0 0 0 255 255 255 24 0 0 0 0 0 0 0 
0 0 0 0 0 255 255 255 83 0 0 0 0 0 0 0 39 255 255 255 0 0 0 0 0 0 0 0 
0 0 0 0 0 202 255 255 255 6 0 0 0 0 0 1 255 255 255 231 0 0 0 0 0 0 0 0 
0 0 0 0 0 11 255 255 255 255 122 0 0 0 37 255 255 255 255 47 0 0 0 0 0 0 0 0 
0 0 0 0 0 0 80 255 255 255 255 255 255 255 255 255 255 255 148 0 0 0 0 0 0 0 0 0 
0 0 0 0 0 0 0 100 255 255 255 255 255 255 255 255 255 122 0 0 0 0 0 0 0 0 0 0 
0 0 0 0 0 0 0 0 2 177 255 255 255 255 255 255 36 0 0 0 0 0 0 0 0 0 0 0 
0 0 0 0 0 0 0 0 0 0 0 38 39 57 16 0 0 0 0 0 0 0 0 0 0 0 0 0 
0 0 0 0 0 0 0 0 0 0 0 0 0 0 0 0 0 0 0 0 0 0 0 0 0 0 0 0 
0 0 0 0 0 0 0 0 0 0 0 0 0 0 0 0 0 0 0 0 0 0 0 0 0 0 0 0 
