0 0 0 0 0 0 0 0 0 0 0 0 0 0 0 0 0 0 0 0 0 0 0 0 0 0 0 0 
0 0 0 0 0 0 0 0 0 0 0 0 0 0 0 0 0 0 0 0 0 0 0 0 0 0 0 0 
0 0 0 0 0 0 0 0 0 0 0 0 0 0 0 0 0 0 0 0 0 0 0 0 0 0 0 0 
0 0 0 0 0 0 0 0 0 0 91 255 255 255 255 255 255 255 218 48 0 0 0 0 0 0 0 0 
0 0 0 0 0 0 0 0 3 214 255 255 255 255 255 255 255 255 255 255 221 0 0 0 0 0 0 0 
0 0 0 0 0 0 0 0 30 255 255 255 255 255 255 255 255 255 255 255 255 141 0 0 0 0 0 0 
0 0 0 0 0 0 0 0 5 127 255 164 35 0 0 0 1 100 255 255 255 255 0 0 0 0 0 0 
0 0 0 0 0 0 0 0 0 0 0 0 0 0 0 0 0 0 3 255 255 255 0 0 0 0 0 0 
0 0 0 0 0 0 0 0 0 0 0 0 0 0 0 0 0 120 255 255 255 255 0 0 0 0 0 0 
0 0 0 0 0 0 0 0 0 0 0 0 0 0 0 11 255 255 255 255 255 81 0 0 0 0 0 0 
0 0 0 0 0 0 0 0 0 0 0 0 0 0 165 255 255 255 255 255 81 0 0 0 0 0 0 0 
0 0 0 0 0 0 0 0 0 0 0 0 0 255 255 255 255 255 255 255 215 4 0 0 0 0 0 0 
0 0 0 0 0 0 0 0 0 0 0 0 6 255 255 255 255 255 255 255 255 255 0 0 0 0 0 0 
0 0 0 0 0 0 0 0 0 0 0 0 0 96 255 255 175 221 255 255 255 255 61 0 0 0 0 0 
0 0 0 0 0 0 0 0 0 0 0 0 0 0 0 0 0 0 0 255 255 255 158 0 0 0 0 0 
0 0 0 0 0 0 0 0 0 0 0 0 0 0 0 0 0 0 0 125 255 255 237 0 0 0 0 0 
0 0 0 0 0 0 0 0 0 0 0 0 0 0 0 0 0 0 0 151 255 255 254 0 0 0 0 0 
0 0 0 0 0 0 0 0 0 0 0 0 0 0 0 0 0 0 92 255 255 255 115 0 0 0 0 0 
0 0 0 0 0 0 0 0 0 52 137 123 95 73 76 103 198 255 255 255 255 255 0 0 0 0 0 0 
0 0 0 0 0 0 0 0 44 255 255 255 255 255 255 255 255 255 255 255 255 50 0 0 0 0 0 0 
0 0 0 0 0 0 0 0 50 255 255 255 255 255 255 255 255 255 255 219 8 0 0 0 0 0 0 0 
0 0 0 0 0 0 0 0 0 80 211 255 255 255 255 255 227 114 0 0 0 0 0 0 0 0 0 0 
0 0 0 0 0 0 0 0 0 0 0 0 0 0 0 0 0 0 0 0 0 0 0 0 0 0 0 0 
0 0 0 0 0 0 0 0 0 0 0 0 0 0 0 0 0 0 0 0 0 0 0 0 0 0 0 0 
0 0 0 0 0 0 0 0 0 0 0 0 0 0 0 0 0 0 0 0 0 0 0 0 0 0 0 0 
0 0 0 0 0 0 0 0 0 0 0 0 0 0 0 0 0 0 0 0 0 0 0 0 0 0 0 0 
0 0 0 0 0 0 0 0 0 0 0 0 0 0 0 0 0 0 0 0 0 0 0 0 0 0 0 0 
0 0 0 0 0 0 0 0 0 0 0 0 0 0 0 0 0 0 0 0 0 0 0 0 0 0 0 0 
