0 0 0 0 0 0 0 0 0 0 0 0 0 0 0 0 0 0 0 0 0 0 0 0 0 0 0 0 
0 0 0 0 0 0 0 0 0 0 0 0 0 0 0 0 0 0 0 0 0 0 0 0 0 0 0 0 
0 0 0 0 0 0 0 0 0 0 0 0 0 0 0 0 0 0 0 0 0 0 0 0 0 0 0 0 
0 0 0 0 0 0 0 0 126 255 255 255 255 255 170 121 11 0 0 0 0 0 0 0 0 0 0 0 
0 0 0 0 0 0 0 25 255 255 255 255 255 255 255 255 255 255 69 0 0 0 0 0 0 0 0 0 
0 0 0 0 0 0 0 7 174 255 255 255 255 255 255 255 255 255 255 154 0 0 0 0 0 0 0 0 
0 0 0 0 0 0 0 0 1 10 0 2 35 32 244 255 255 255 255 255 13 0 0 0 0 0 0 0 
0 0 0 0 0 0 0 0 0 0 0 0 0 0 0 0 28 255 255 255 28 0 0 0 0 0 0 0 
0 0 0 0 0 0 0 0 0 0 0 0 0 0 0 0 3 255 255 255 13 0 0 0 0 0 0 0 
0 0 0 0 0 0 0 0 0 0 0 0 0 0 0 0 140 255 255 255 0 0 0 0 0 0 0 0 
0 0 0 0 0 0 0 0 0 0 0 0 0 0 0 32 255 255 255 161 0 0 0 0 0 0 0 0 
0 0 0 0 0 0 0 0 0 0 0 0 0 64 201 255 255 255 255 5 0 0 0 0 0 0 0 0 
0 0 0 0 0 0 0 0 0 0 120 255 255 255 255 255 255 255 73 0 0 0 0 0 0 0 0 0 
0 0 0 0 0 0 0 0 0 3 255 255 255 255 255 255 255 255 92 0 0 0 0 0 0 0 0 0 
0 0 0 0 0 0 0 0 0 0 220 255 255 255 255 255 255 255 255 198 0 0 0 0 0 0 0 0 
0 0 0 0 0 0 0 0 0 0 0 32 5 39 82 255 255 255 255 255 75 0 0 0 0 0 0 0 
0 0 0 0 0 0 0 0 0 0 0 0 0 0 0 0 2 255 255 255 255 0 0 0 0 0 0 0 
0 0 0 0 0 0 0 0 0 0 0 0 0 0 0 0 0 13 255 255 255 8 0 0 0 0 0 0 
0 0 0 0 0 0 0 0 0 0 0 0 0 0 0 0 0 0 255 255 255 21 0 0 0 0 0 0 
0 0 0 0 0 0 0 0 0 0 0 0 0 0 0 0 5 196 255 255 255 0 0 0 0 0 0 0 
0 0 0 0 0 0 0 0 38 59 60 56 67 83 227 238 255 255 255 255 137 0 0 0 0 0 0 0 
0 0 0 0 0 0 0 96 255 255 255 255 255 255 255 255 255 255 255 97 0 0 0 0 0 0 0 0 
0 0 0 0 0 0 0 155 255 255 255 255 255 255 255 255 255 255 173 0 0 0 0 0 0 0 0 0 
0 0 0 0 0 0 0 22 239 255 255 255 255 255 255 221 0 0 0 0 0 0 0 0 0 0 0 0 
0 0 0 0 0 0 0 0 0 0 0 0 0 0 0 0 0 0 0 0 0 0 0 0 0 0 0 0 
0 0 0 0 0 0 0 0 0 0 0 0 0 0 0 0 0 0 0 0 0 0 0 0 0 0 0 0 
0 0 0 0 0 0 0 0 0 0 0 0 0 0 0 0 0 0 0 0 0 0 0 0 0 0 0 0 
0 0 0 0 0 0 0 0 0 0 0 0 0 0 0 0 0 0 0 0 0 0 0 0 0 0 0 0 
