0 0 0 0 0 0 0 0 0 0 0 0 0 0 0 0 0 0 0 0 0 0 0 0 0 0 0 0 
0 0 0 0 0 0 0 0 0 0 0 0 0 0 0 0 0 0 0 0 0 0 0 0 0 0 0 0 
0 0 0 0 0 0 0 0 0 0 0 0 0 0 0 0 0 0 0 0 0 0 0 0 0 0 0 0 
0 0 0 0 0 0 0 0 0 0 0 0 0 0 0 0 0 0 0 0 0 0 0 0 0 0 0 0 
0 0 0 0 0 0 0 0 0 2 88 197 221 255 255 255 255 255 204 46 0 0 0 0 0 0 0 0 
0 0 0 0 0 0 0 0 108 255 255 255 255 255 255 255 255 255 255 255 255 20 0 0 0 0 0 0 
0 0 0 0 0 0 0 126 255 255 255 255 255 255 255 255 255 255 255 255 255 255 0 0 0 0 0 0 
0 0 0 0 0 0 29 255 255 255 255 207 93 82 80 28 73 105 255 255 255 255 64 0 0 0 0 0 
0 0 0 0 0 0 84 255 255 255 1 0 0 0 0 0 0 0 0 255 255 255 129 0 0 0 0 0 
0 0 0 0 0 0 29 219 254 33 0 0 0 0 0 0 0 0 0 255 255 255 133 0 0 0 0 0 
0 0 0 0 0 0 0 8 6 0 0 0 0 0 0 0 0 0 3 255 255 255 59 0 0 0 0 0 
0 0 0 0 0 0 0 0 0 0 0 0 0 0 0 0 0 0 255 255 255 255 0 0 0 0 0 0 
0 0 0 0 0 0 0 0 0 0 0 0 0 0 0 0 0 142 255 255 255 86 0 0 0 0 0 0 
0 0 0 0 0 0 0 0 0 0 0 0 0 0 0 0 60 255 255 255 236 0 0 0 0 0 0 0 
0 0 0 0 0 0 0 0 0 0 0 0 0 0 0 20 255 255 255 255 0 0 0 0 0 0 0 0 
0 0 0 0 0 0 0 0 0 0 0 0 0 0 8 255 255 255 255 30 0 0 0 0 0 0 0 0 
0 0 0 0 0 0 0 0 0 0 0 0 0 19 255 255 255 255 82 0 0 0 0 0 0 0 0 0 
0 0 0 0 0 0 0 0 0 0 0 0 135 255 255 255 255 116 0 0 0 0 0 0 0 0 0 0 
0 0 0 0 0 0 0 0 0 0 3 161 255 255 255 255 131 0 0 0 0 0 0 0 0 0 0 0 
0 0 0 0 0 0 0 0 0 255 255 255 255 255 255 58 0 0 0 0 0 0 0 0 0 0 0 0 
0 0 0 0 0 0 0 108 255 255 255 255 255 255 133 139 114 119 69 17 0 0 0 0 0 0 0 0 
0 0 0 0 0 0 187 255 255 255 255 255 255 255 255 255 255 255 255 255 255 255 209 17 0 0 0 0 
0 0 0 0 0 3 255 255 255 255 255 255 255 255 255 255 255 255 255 255 255 255 255 137 0 0 0 0 
0 0 0 0 0 0 127 255 255 255 255 255 255 249 243 250 240 255 255 255 255 255 255 94 0 0 0 0 
0 0 0 0 0 0 0 1 0 0 0 0 0 0 0 0 0 0 0 0 10 53 43 0 0 0 0 0 
0 0 0 0 0 0 0 0 0 0 0 0 0 0 0 0 0 0 0 0 0 0 0 0 0 0 0 0 
0 0 0 0 0 0 0 0 0 0 0 0 0 0 0 0 0 0 0 0 0 0 0 0 0 0 0 0 
0 0 0 0 0 0 0 0 0 0 0 0 0 0 0 0 0 0 0 0 0 0 0 0 0 0 0 0 
