0 0 0 0 0 0 0 0 0 0 0 0 0 0 0 0 0 0 0 0 0 0 0 0 0 0 0 0 
0 0 0 0 0 0 0 0 0 0 0 0 0 0 0 0 0 0 0 0 0 0 0 0 0 0 0 0 
0 0 0 0 0 0 0 0 0 0 0 0 0 0 0 0 0 0 0 0 0 0 0 0 0 0 0 0 
0 0 0 0 0 0 0 0 0 0 0 0 1 7 6 0 0 0 0 0 0 0 0 0 0 0 0 0 
0 0 0 0 0 0 0 0 0 5 183 255 255 255 255 187 12 0 0 0 0 0 0 0 0 0 0 0 
0 0 0 0 0 0 0 0 48 255 255 255 255 255 255 255 255 142 0 0 0 0 0 0 0 0 0 0 
0 0 0 0 0 0 0 0 255 255 255 255 255 255 255 255 255 255 215 0 0 0 0 0 0 0 0 0 
0 0 0 0 0 0 0 164 255 255 255 126 7 46 187 255 255 255 255 179 0 0 0 0 0 0 0 0 
0 0 0 0 0 0 0 255 255 255 115 0 0 0 0 0 255 255 255 255 28 0 0 0 0 0 0 0 
0 0 0 0 0 0 30 255 255 255 0 0 0 0 0 0 0 255 255 255 180 0 0 0 0 0 0 0 
0 0 0 0 0 0 142 255 255 255 0 0 0 0 0 0 0 104 255 255 255 0 0 0 0 0 0 0 
0 0 0 0 0 0 255 255 255 92 0 0 0 0 0 0 0 23 255 255 255 0 0 0 0 0 0 0 
0 0 0 0 0 0 255 255 255 28 0 0 0 0 0 0 0 6 255 255 255 0 0 0 0 0 0 0 
0 0 0 0 0 12 255 255 255 0 0 0 0 0 0 0 0 11 255 255 255 0 0 0 0 0 0 0 
0 0 0 0 0 35 255 255 255 0 0 0 0 0 0 0 0 12 255 255 255 0 0 0 0 0 0 0 
0 0 0 0 0 29 255 255 255 0 0 0 0 0 0 0 0 32 255 255 255 0 0 0 0 0 0 0 
0 0 0 0 0 24 255 255 255 0 0 0 0 0 0 0 0 69 255 255 255 0 0 0 0 0 0 0 
0 0 0 0 0 31 255 255 255 0 0 0 0 0 0 0 0 94 255 255 255 0 0 0 0 0 0 0 
0 0 0 0 0 12 255 255 255 0 0 0 0 0 0 0 0 114 255 255 158 0 0 0 0 0 0 0 
0 0 0 0 0 0 255 255 255 50 0 0 0 0 0 0 0 255 255 255 152 0 0 0 0 0 0 0 
0 0 0 0 0 0 255 255 255 236 0 0 0 0 0 0 0 255 255 255 66 0 0 0 0 0 0 0 
0 0 0 0 0 0 78 255 255 255 51 0 0 0 0 0 36 255 255 255 0 0 0 0 0 0 0 0 
0 0 0 0 0 0 0 255 255 255 255 247 80 3 0 0 255 255 255 255 0 0 0 0 0 0 0 0 
0 0 0 0 0 0 0 46 255 255 255 255 255 255 255 255 255 255 255 61 0 0 0 0 0 0 0 0 
0 0 0 0 0 0 0 0 38 255 255 255 255 255 255 255 255 255 201 0 0 0 0 0 0 0 0 0 
0 0 0 0 0 0 0 0 0 0 71 199 255 255 255 255 255 203 0 0 0 0 0 0 0 0 0 0 
0 0 0 0 0 0 0 0 0 0 0 0 0 3 24 16 0 0 0 0 0 0 0 0 0 0 0 0 
0 0 0 0 0 0 0 0 0 0 0 0 0 0 0 0 0 0 0 0 0 0 0 0 0 0 0 0 
